ENCUT = 350.000000
SIGMA = 0.030000
GGA = PE
IBRION = -1
ISMEAR = 0
KPAR = 8
NCORE = 8
ISYM = -1
